1,2,3,4,target
0.32070728116175445,0.786243172862798,0.23488565249612145,-0.6162716802986298,35.25941706019289
1.3595118923011538,-1.945779029713218,1.4325958144594138,-0.9268956657450339,112.09922267670558
-0.7607243221745558,-0.17661115710153732,0.29880918261691136,-0.1698816209411829,-48.369936542113564
0.1958184839285316,1.5150578482009858,-0.9182367963843888,-0.2528413748459929,21.302690873928775
-1.0215987941834965,-0.2595415149238633,0.9917101346545092,0.5992644502689897,-98.73807216854668
0.3976825952367854,0.4965406778139507,-0.10019522861932724,-1.108141127587879,47.07208323174767
-0.108407675706255,-0.5036974019144327,0.29099013766577014,-1.018104711919916,-15.6651709157595
1.0932317584077065,-0.8114472017169538,1.2005602097329895,-0.7867279724203027,110.60032230134786
-0.3989765533321964,-1.342399046036034,-1.446208410053736,-0.9581477559467514,-28.777470736963277
-0.031871744430757326,0.11892375646798237,0.3303933464342651,-0.7806581209354362,-1.931320413279659
-0.36006327825955853,-0.4302481624523633,0.478133453904919,0.31363886227624316,-22.697372147322945
-0.11807366965340628,0.2259825015361247,-0.12453722218829767,-0.49153073985239876,-12.697694771823445
1.9564104021058037,0.14076516241715442,-0.6379550719000125,-1.880627567060415,182.35327598141993
1.8616865847636264,-0.8296058660478604,-0.07647835499288944,0.5571187219007491,150.90128413502356
1.117216470352007,-0.9237745558531149,0.2445727198780818,-1.4807322994187624,96.81224877774198
0.9604048842732469,-0.0752777183765635,1.6533424297673893,0.06923307578140217,100.99523409548125
-0.8747773034444276,1.371684565044618,-0.2545333577102731,0.9661624832629204,-66.28970668296597
1.3070134502756892,1.9982619057367537,-1.8709986060722508,-0.2485841560022712,116.75498035684598
0.13772346706752078,-1.8483827731182563,0.12720422823478644,0.22605485297531847,13.867783022007108
0.17448120636331965,-0.4117392066158602,2.0119056336343077,-0.6106134526482899,50.435855665298426
1.5942786434701275,-0.3391750303074845,1.39448413232815,0.36125196276645005,133.3151463263622
-1.8304961568431786,-1.9741237574447668,1.6189061614210343,0.06442908137966138,-163.93140495213504
-1.444452094492093,0.7676084042196667,0.07401101388830644,-0.3436525516249569,-128.36612341064128
-1.8117431013697856,0.19234747042696942,-1.4602249432651582,-0.5727073489496888,-153.25948280171727
1.264850654387334,-1.270930580698269,-0.4084400846519979,-1.0895323862069217,117.89234223143112
-1.2949824985651568,1.0933285728919906,2.4336995574274614,0.8430871982311898,-127.72980084956946
1.3384891731511206,0.22206238024405936,-1.0071696263409122,0.8392564535119624,111.59039747923676
-0.34055240377351886,0.8089222674683216,-1.0723758907547192,-1.3131795036113878,-29.19719513117334
-0.8947633017391816,-1.9238357791427627,-0.5042999040289262,0.3655995355226396,-94.0022956717632
-1.0462920262496873,0.8580296041133034,0.5970748151114064,0.7676115356916936,-108.07360008932847
-0.6371948745862586,-0.610746413628115,-0.25159093008671823,2.4065260491624056,-41.038693054986446
2.5895152851925363,0.8271056361456461,0.7348221773695537,-0.2395087594201787,225.8451392315164
0.8212567536986727,0.3469906201886577,1.5852151507910877,0.2948376328081687,91.30603621058123
1.6501384417111475,0.022974923335593107,0.5128683068438803,0.03381503547077962,142.3502636737178
-1.864253489927425,-1.5628916503803902,0.057818226165319175,0.00372573309922712,-160.71947766313016
0.6400228199550843,1.902367413067422,-1.7721186760451744,-1.030898984227722,59.677499391755056
-0.5647757452383034,-0.1278394887167431,-0.32576349072698607,1.772022688737645,-44.08443130130024
0.2823063428320035,0.027925238098917945,-0.4444201915616447,-0.895203750709958,16.320172889520805
-0.774848482563547,0.6708037514036767,-0.619414651531813,-0.05441761517226968,-43.64198129563941
1.758642859894896,-0.6000756665190795,-0.08285822087841345,0.16291967747734823,158.9884339141196
-0.18432153621145064,-0.5267684437763311,-0.33659285563419655,-0.6639259637384702,11.276223965768722
-0.4555741309657315,-0.2664346341337657,0.586853175918851,0.6188322508722759,-46.840327998420555
0.7792569234264858,-1.406102926953859,0.18080701732071663,-0.08007806999535953,67.08403260863953
-1.4588780688809118,-0.15435467929343843,-0.8529856214598222,0.30121389086351613,-119.41740619159644
0.7814308910769993,0.33419102786299854,0.4602162215072283,-0.015940565832185328,75.60068584706424
-0.35074793556781475,-1.4613546717103494,-0.9393117445084752,0.2500826788665837,-19.342066697446207
0.2596361281702081,-0.019243033534239014,-1.551241562492463,-0.35652257761755696,25.36971344067424
-0.33389200516092105,0.14638753712092129,-0.3444281813181599,0.9329020160146478,-34.83373550529836
0.39440791700300126,-0.2811039501265665,0.537120452108015,-0.7770127755744339,27.14768419550395
-0.665903053805453,-0.7854030976609367,0.8943447015266307,-1.1846633955189616,-58.455861471654096
-0.6244848188176276,-0.2596914200469021,-1.690999948273794,-0.425697555043316,-62.06653046269196
0.31325514335447135,-1.2218822750113931,-0.9073407890247124,0.47159263973479704,27.413895919541165
1.4518581132537238,-0.4990947599022619,-0.2719705136219158,-1.0033505740693676,136.25782930673935
-0.38346268774752357,0.3637422672530738,-1.9861658024226123,0.7047078977519362,-23.024651049561147
-0.05705672768857458,0.3162984874749175,0.6414154080184195,0.034878991596329234,-10.00800198205177
0.9154018107154952,-2.0603796928202205,0.2741319527581703,-0.3307614425254583,78.4976446484394
0.08865316396801547,0.293940887898348,-0.5665613577886802,-1.7648429580114964,-4.012563060354335
0.8371277335482471,-0.9595558399553269,-0.14659819948218022,0.4800922126548864,47.98510871123403
0.3755488056686724,-2.9241488064669956,1.766425069425725,1.0527744232288982,24.004505358296235
-0.7323812474582355,-1.2104055841142571,-0.5872794027466888,-0.4925620988965876,-71.71201496139031
-0.7895631083443991,-1.1776231853176056,-1.0375866973608294,-0.697669262918427,-83.3329244755083
0.6986605484897223,0.9704654069114479,-0.22977896926238464,0.4812362753264348,63.820280129445756
0.18818059450927005,1.0941727296703831,-0.033927072558223415,1.2496291316592953,40.66039126510386
0.5443768087326498,-2.362647553424163,2.436665443967983,-0.04477815655369605,33.529195408808725
0.8570928694028008,0.44557379859356677,1.621400177186102,0.2956418819081655,84.7182275747786
0.05035114692412446,-0.1678289066602177,-0.47371803488053094,-0.4420675597226419,0.5255138380028663
-0.3389421025095938,-0.2014234930068974,-0.8813338178060877,-1.3792761331332906,-34.99007894600633
-1.2216519289646022,0.9088495013267807,-0.892957250718225,0.16577769074214138,-107.67994276889249
1.3119890748171847,-2.2077301885394482,-0.2355021567742816,-0.44446491439019165,112.2843478390155
0.7452399804651046,-0.26502060260257326,0.7631833837917764,-1.6168841019029274,70.49168521182288
-0.5608385189649194,1.070071599894539,-0.7143018432348325,0.01151684271056909,-59.47725939923208
-0.3350063379361271,0.03832857889459074,-0.9377402638403936,-0.8708832256009754,-12.807618872059937
-0.05214327750541649,0.09826701975300123,0.8512579073781823,0.861224696678379,-6.276435988611329
-0.5012740150765299,-1.9240980326534718,-0.025937194063582223,-1.4395857682029192,-36.99549973924783
1.1076049645458041,1.6550259428361853,-0.5458486006294395,-1.7521915139299216,93.51096545456176
-0.007898422850379954,0.4349568447281898,-2.3647853156741365,1.155970550086386,16.926166591421502
0.8624327278029474,1.8608678835257368,2.0687842225210917,1.717236897837763,74.46270871211506
0.3880878862732509,2.3170638270051014,0.722855274570316,0.879737384912543,26.277091259219734
0.03879954489655124,1.991319246873049,-2.4191811509741425,0.24357403051294438,-11.439629613473405
-1.4001240254823772,0.2736808114540743,0.9125270540755156,0.18698271565753063,-137.21033003761082
-0.9528266796148372,1.8173892742084934,0.4074455538078283,0.9441699111661591,-82.76605363219792
-1.766789537019293,-0.41899527440746703,-0.23996721957220768,-0.30138077500079963,-156.49710397422461
-0.9959238533695945,-0.9617116908834191,0.20195994624618338,0.8445620552620576,-89.85704233131221
-0.2829136744763476,-1.455029242880789,0.38825111342443436,-1.8747735886287047,-27.866141529322505
0.2729022804332796,0.4196883101347809,-0.7293112548039888,-0.7918226975428838,31.56807258547576
-1.4486251113061048,-1.2866839733352027,0.0063236683164045356,0.5636884720041382,-135.21185782401906
-1.8844895713692986,0.8495149591636907,-0.5080037608038481,-0.46763930808271237,-167.5660119638351
1.708484176406869,0.9321679071373755,1.7822132714807388,0.005095222609368588,148.44086265775155
0.2706417386784353,-0.2915053024353701,0.05326436719027152,-0.468005598790921,3.5114283633106176
1.0187947059805844,-1.178771106058365,-0.49733611093970126,2.079976331991135,92.91325919481663
1.3272890058164668,-1.375271374937601,1.4078854963029601,-1.1966032089777212,116.4973788817088
-1.366542200147679,0.4093584209022775,0.24333308125931694,-0.746512943559746,-132.43199919865555
0.4485739218196065,0.9526070928797663,2.1002701574976275,-0.6031025636801982,40.63845527637277
1.1561829461690676,0.6250455591240989,2.00615155320768,1.322938794993624,101.37169888118154
-0.34980226776644957,-0.6595600659130206,-0.7211181674312861,1.1721017828039477,-36.327702565900985
-1.2086471592881736,-0.3686263616571712,1.2572913421359615,-0.12646754252053416,-129.15593725205872
0.31393493619723384,1.113238391206082,0.6820114309750365,-1.0868181788561158,42.544255987212665
0.02579667985816417,0.361871399014469,-0.37550414829461576,-1.2612547551495539,17.679069258981478
0.08542018904462441,-0.3506065193453634,0.7480091293906251,-0.8619141412069844,14.017674362958868
1.7958086277844225,1.1354753398725714,1.1140801916280039,0.5723901507111314,164.9010930638667
0.30852348386661554,1.1436924021144403,-0.25752498890327863,0.9692116922500089,28.55839273187969
1.3309292340616334,-1.6457914330113275,0.04831191320679527,1.212361878450374,119.07814046458606
-0.4487612978126148,0.8464692896438669,0.6838469729345786,-1.0440651471049782,-29.52863336648588
-0.7445735366394775,0.5836545319136333,-0.34343505014135617,0.7333553592463692,-58.55701089100601
2.123999147100508,0.7798482529584051,-0.6573606703630723,-0.3008798117509257,186.79393268819797
-0.9621525736198479,-0.10975055827120994,-2.000960937055852,-0.1683776299252623,-87.25208986820185
1.2996621933400687,-1.4244058380948532,0.6502093664948326,0.452361752847073,114.82394252594064
-0.6841787333708851,0.6468628590553754,-0.3170121986803277,1.2798712712550249,-53.259549809445076
-0.18153702943019942,-1.6837731576615333,-0.23435721629093847,-0.2652964343140849,-22.4557078751226
-0.4155622788775943,0.6509882888518035,0.527613197926571,-0.5388419119481014,-45.56185037109057
1.552352089202377,-2.0175978809644177,0.11534650413242843,-1.5131737915547,135.65529975219343
-0.17444851913975645,0.7329194622677163,-1.5431980060579378,-0.41209021503875287,-21.551528439270633
0.9440664496503465,0.8753857513033887,-1.889226965913615,-0.6220626764737994,77.62618733170966
1.52344132008601,0.5953863436873078,-0.5351077598216584,-1.2008567514262574,135.48811559314197
0.6182283859558465,0.6248541405003168,-0.5877549931689943,1.303163168346241,69.09103572240099
0.8293601102205792,0.6333547275417439,0.2618673435157273,-0.8413449849674061,65.24877244115737
-0.7919595267649663,0.30780876748461544,-1.186476995004461,-0.05398031352347936,-73.19566796352288
0.2856516292110022,-1.2978968525194323,-1.0612945379346699,0.5641038856169753,21.0772879845516
1.0654054415653598,0.20476019527438805,-0.4229492452387622,0.02262212375227325,89.2409397260893
0.16684572852690066,-0.5630773597003416,1.5634491262275578,1.4173649548725809,15.559926342286676
-0.32868709046081135,-0.9329216177795799,1.7073437407758683,0.3910974238140183,-33.59389343362813
0.19483082409549574,0.34312977252119403,-0.9720991409700607,1.056388709450752,9.202730721518886
-0.6263690088989289,1.3758793908889217,0.28689033240295797,-1.77050002951378,-65.4219367124961
0.5075835226672373,-0.1692186015728704,-0.819010709278923,1.1014126119108982,51.682271276286166
-0.9333025425155139,-1.7465861307806372,0.1206083723552454,1.0043693076551405,-100.89002073087387
-0.2270537708477297,0.8408035868620166,-0.30832727668390497,-0.7912454328133945,-25.661507126024375
-0.19296419713132007,-1.5791627119106573,1.4571379189694087,-0.9211779420470514,-36.86551481829663
0.40126138539198897,0.2648469194276449,0.4024046117830766,0.20737379315131765,28.999640334351135
0.08908883058848238,-1.9314249307619626,-0.0602898977588839,-1.846273642322334,28.978674644692433
-0.7307221945226435,0.24727375240597793,-1.332242086748017,0.34018877730356517,-70.94816944182935
0.5708404321897077,1.8147761659258494,-1.0199845503908567,0.09706908980883396,61.95898612016952
1.2831556270489388,-1.2230799568071842,0.30531503330045195,0.1644259721452448,101.9700960605262
-0.39443255028764673,0.8471421696649507,-0.19786842397255808,-0.3438910757468735,-36.984280396977255
0.02602381834608189,1.8366045023522979,-1.5498872110596738,-0.2663091527692268,3.117078312175867
1.3044312787423045,0.9915066496256443,1.2775876046203962,-0.8923515843886797,104.24051974516694
1.6514858196476483,0.7268988902866824,-0.757890393153386,1.910835004936095,150.92555735368094
-0.24733178816423765,-0.8523806163050827,-0.9711604480160055,2.0461668908445585,-22.79894142108836
-0.40535902282387387,-0.6297829095771617,0.903760350426815,0.18316793724417696,-45.5838128315726
-1.0601670047511682,-0.024729026018458233,-0.09950631448541264,-1.171512541819603,-71.19106487033315
1.771633467547436,-1.2470943833075583,-0.022037956188016416,-1.2304500869119948,160.41049686828856
0.19920575670965046,1.0137944701576234,-0.7654618812520961,-0.8037276997226369,3.149554417115368
-1.9332686150032563,1.3574616913534157,0.13737309980950654,0.6341539825979929,-160.27499194038097
-0.565943595026078,-0.05450039621926849,-1.4103745835977886,-1.6939540387683782,-63.46698622064591
-0.4645829945279646,0.09286026984993305,-0.5722366298090311,-1.1929494034984585,-45.932634810776676
-0.8016651603179445,-1.8184401133125643,-0.011889006593512755,-0.1930519987622318,-88.3420660531204
1.1140008833697785,-0.20477510228974583,-0.6943703045563264,-0.5286306437069072,98.26077052044317
-0.7575950856988148,-1.916260145937078,0.9910902049258321,-1.5846152142594683,-62.487856106741944
1.6950927417155146,1.2813915088115828,1.1877813823808032,1.0524228982159538,145.65456646041474
1.2596085581674914,0.4945655780026943,1.1555005986877969,-2.6194447616130656,110.4042483528119
-1.452507689684512,0.8759621177435913,-0.786498056850788,0.6545618366256598,-135.54940885296116
0.2967902913607669,-1.1346821408946812,1.9985313344543962,-0.1276601094033657,27.88528248716501
0.6545753962492381,-0.044123284617306295,1.3381900360252823,0.9289552878091382,59.354590250862586
-0.043053993679521035,0.33748843509286525,-0.9239367287692919,0.8423419684254048,-12.17450572004331
0.32826337779359616,-0.18873209632343174,-0.624583155089281,0.891631903244802,35.9926765622521
-0.8549008804502857,-0.14431321744632014,0.18899813023213555,0.6284049204914354,-67.45051088753436
0.9419056821181597,-0.362054032363874,0.587526177257173,0.10177350525394849,96.53257184397452
0.5178158789269269,1.3555778746970477,0.7744031556248578,-0.9890871907532056,52.94754402620835
1.0896370169200227,-1.062474977891249,0.3684479360683197,-0.4842304225602451,86.13481369597456
-0.3117673869777336,-0.019377916910266177,-0.22057876721258496,-0.6717870750251862,-25.280366993230864
0.6781469484356407,-0.13933679293055934,0.5562053108571231,1.7533904045247675,71.57537671271126
-0.015388918626723968,0.8241283013065429,0.04218953041135462,0.4774924968909827,-7.769578463691635
0.724455453664353,-1.15403010561953,-0.5552489273911465,0.5271597334437079,62.41481446294296
1.05445728428597,-0.48433879913052225,1.5390582736185894,0.8813985025600738,88.71917923289939
0.609519110721425,1.4781953930197074,0.46028672772916585,1.3023406086625204,61.02560946070206
0.4601292875664845,-2.2683499812197407,-0.052345387048717495,1.1489856535521987,22.823495493501852
0.8358310161597647,2.7063696472346987,-2.853410361053094,0.6762882516239238,67.7748866958614
-0.8639503346033752,1.317455440381334,-0.9018329007263296,0.6698746903605878,-82.3800025142441
-0.23213103821871134,1.0686962200192764,-0.27820600778502164,0.18087673353202505,-45.07540669410696
0.41647359587342825,1.1280591310077788,1.5762435320958017,-0.4651802128667895,28.614000375186272
-1.9631082050911088,0.5140997403449415,-1.370587650221903,-0.8031610480875773,-177.9303032447064
0.7846875718419333,-0.46530600834601826,-1.3544937529927172,-0.15256143554121296,77.95605020757205
-1.6306504756058577,-1.5476588839642507,0.30165210016659466,0.11484994180477974,-155.3390755874561
0.6571479432240257,1.3712784612017448,0.45082562235323725,1.973355483509402,59.96602776661856
0.5815390489153397,-0.8765865067045906,0.08821902382388393,-0.094792425785592,42.34184170015659
0.36947749970068205,1.2507529553977557,-0.1911708253500901,-1.297954014827449,48.86211104524128
-0.8447286768907791,-0.7215422060808896,1.3370980312246827,-0.5217171054824723,-76.05691699600587
0.5861676067302863,0.07376062795820951,0.08775157225317347,0.19508999874517574,61.36658684584317
-0.00848102369159058,0.08171221111537738,0.6410112832019998,-1.1175916577665888,-0.7792051655850782
-0.23224921833952172,0.4065455425248764,-0.08465094746800537,0.08229729014423323,-18.064219059484987
-1.6945654952954095,-0.5517695250145995,-0.4377207493757836,1.8341181588414772,-167.95432005187345
1.0742423373914167,-0.8513941772193615,-1.3853937347675602,0.7272805319002662,99.52954112909475
1.5384341127628636,-1.6971331346381644,-1.0990499829311091,-0.47397536823600145,140.93398212065662
0.6540723770310914,-0.09201812358960165,1.7149931045256483,1.8267272053037509,81.95783935957144
-0.4638630853571015,-0.2502758428315221,-0.7552157531520287,-0.19452364235303443,-42.15941061399614
1.518935960294592,-0.48624054564059016,-0.40507357872443467,-0.8948965064568355,141.3164215958113
1.2194525409208137,0.8680811774853817,0.36940932689495454,0.28851887651183694,104.35645060698018
-0.2753921363777277,-0.15277105271490754,-1.0913503029592355,-0.4944266817994853,-12.991596271668481
0.8588150605788464,0.5161079436798449,-0.19073085057480554,-1.0113270037436983,87.62104740809941
0.17815553743197493,-1.6568087239264346,-0.3948293256107057,0.3806185785404145,19.409705607469373
-0.6461346543460919,0.13214728650828103,0.40385674421262685,-0.15277496081665556,-56.308757567596196
-2.0518338079537264,-0.3913705921736783,-1.6008649775122537,0.030928352438331877,-188.0846734375177
-0.6166073519024088,0.17650536371995165,-3.294992908092547,0.3364454376290208,-49.3922559357925
-1.003961083872832,-0.5082469197423992,-0.6287895926646611,-2.1119105252715342,-91.84944276094797
0.6873660552824035,-1.3942326301250332,-0.9695219779207879,0.63393105219213,74.48254511719585
0.8312491057911764,-0.05871673359666278,1.3054837265725692,-0.37029955874340315,83.0239779983387
0.6034514034055343,-0.1541853874875264,-0.6083468163921351,0.03184402236246887,44.19000125800779
-0.05257502959121646,0.07792484618006798,0.5752639185739927,-0.10668475051394334,-9.815755904561133
-0.7100763784146032,1.492854782578604,0.1637794878883715,-0.6157043000132069,-75.15302171417316
0.8774941964728865,-0.8998878122910872,0.5308271372162315,0.31604446840853695,79.7360431812929
0.017494089784980935,0.6762099832269308,-0.6287925650016748,0.9799982395281606,-1.2876398624437766
-1.7586486324488566,1.2109229662049992,-1.4960077429088279,-0.705925734929158,-145.04056990606583
-0.19502567688747754,1.3639367861262923,-1.3238285374760241,-0.11081212303904867,-18.885820046989025
1.3125519910258883,-1.554911864245222,-1.3462606456544697,0.10090383470940517,124.89856359634115
0.4407718755121269,0.5519899977490339,-0.3935081796393464,0.2716299763827003,31.234068882979642
-1.168856639174748,1.1038424583905377,0.12082189514088373,0.5120497331480183,-106.62640402927764
-0.16742461463001035,-0.2771919523569489,0.9747534931380676,-0.0241588891531149,-22.10399953012149
1.076385177466781,0.9921517961016489,0.4718115285660271,-0.1498739702232383,84.79714349120201
-0.8771114954485163,1.5319030743263764,0.40136802864238,0.20946804911137964,-67.38062136349446
-0.3281053245512446,-0.3974211451629462,-1.547610435033203,-1.031008794249833,-7.973593719215678
-0.3408517540132698,-0.6691117564098535,-1.2512976859867055,0.029927215394425367,-38.45211234794639
0.1781250052918445,1.4133380161831908,0.7018143892395249,-1.2744048529713528,22.082497742961905
-0.36102960316033444,1.4394233116307211,0.6576267720382439,-1.2078035844292487,-33.530981517012876
1.2832786405958163,-0.03468259429950284,-0.5737792326080492,0.6851352792487113,113.20424711330456
0.002198681239916295,-0.4339585158799914,0.20255065049028692,-0.9433870836566463,-2.0523879098883584
1.2612381898973108,1.8094674774313986,1.0630748989404812,-0.1581471820823338,106.49865520001444
-1.382771336819594,-0.7240315086161823,0.7296859508591114,1.25349126885479,-117.39107375752508
0.1300230762627601,-1.1929713750935382,-1.8124537668945035,1.8437248547187972,11.158693463138368
-1.470080979964253,0.9437714580435024,0.36904308854944834,0.6378280360190529,-105.45447076407635
0.7459287749135203,0.4104384110455533,0.14464546388497923,-0.6176913699822073,72.49191955122068
0.5834285039183311,0.7446173767299046,-0.2459220446115392,0.7607155558167299,53.421967180066126
1.1081367218993516,0.23266056670869728,0.8865467422391974,-0.038868423273325736,93.82390581592949
-0.3743020609937913,0.9086329068670385,-2.1708900298484104,-0.08976636188301164,-26.115783169477254
1.3439914540444478,-0.2871376076601007,-0.23347357297319485,-1.353701035023816,122.12176673387343
1.3149349102349446,0.4351019854357386,-1.6363720274961415,0.24615904291364935,105.17141231982673
0.6690915679132345,-2.512529608142942,-2.737195800720815,-1.2423915853003629,51.174039273250045
-0.4173849616402611,0.518299758411598,0.5609114470823263,1.6339481761226868,-17.402720298449026
0.11881000491880742,-0.7863837940133517,0.7298437452733181,-1.7095513859907308,11.837689347414956
-0.8461634723089677,0.15190517789030963,1.3870280028000688,-0.20648309982826044,-62.807306020488284
-1.3500514854848036,0.14042523893391842,-1.6839873006525317,-1.0143315276811753,-126.73117030736913
-0.21931199705283264,-0.30387032587714036,-1.615564565416222,-0.06141748363370068,-16.983180753607396
-0.8756461783408781,0.6026904369903907,0.40282834713362087,1.377962171915428,-84.610420010453
-0.016145606295332196,1.7190969476830442,0.4614083720003252,-1.3833905100579011,0.6641378557783508
-1.610107317594771,0.8453758944603539,-0.4830468844843331,2.018372660266401,-142.81927698544516
0.08706897423430587,-2.1118470701749263,-0.21609532274180732,0.9077051950400562,16.13585484775542
-1.0717672820581823,1.0534925872960814,-0.4467504914421077,0.05731014189696838,-105.13823787681955
1.3030645350162646,0.4613337718495206,-0.5456255344685024,0.19964054833316744,110.73093214275642
-0.9190893998316633,0.4641306340837298,0.8313097288455907,-0.3412500394181321,-90.1699144592089
-0.8098542583001391,0.5341175423895842,-0.73446598078835,-0.2433412071042718,-81.28379362776555
0.11004699222896555,0.6513949941737719,-0.1550350976578289,0.5160699494429875,5.356837334146274
0.07766966333126492,-0.3085630712498108,1.050020165830589,0.2531415152862719,7.224214124488299
0.2306530064755951,-0.028654594731413262,0.37905577522114425,-1.6996523618616197,32.138378632778426
-0.7634603212674413,1.2582667886937762,-0.78858692141951,-0.997704981115665,-90.24676653341723
0.3258967997503732,0.7808348026126215,-1.8307723962818194,-1.5562108479046195,32.46267417862281
-0.877478060262684,-0.12591979003159517,-0.08869031585081041,0.519532089962945,-85.86710402626484
-0.05032824488540508,0.19328353593395464,0.059236898310346564,-0.07690104832605152,-13.802983170698745
1.450384409462186,1.6892834676373085,-1.4955269359241423,0.01754985887890633,136.14911765767482
0.6073918738444799,-0.33538735297583716,0.4897397078376053,1.1419602454055877,66.81227284282684
3.5946548502310622,0.01153897009456731,-1.5933142330659629,-2.052336601791991,319.330933777798
-1.1155497285114013,1.2278502512184237,1.217088435771189,-0.8822306647937878,-82.00530628719457
-0.04965563817715569,0.5177754070043673,-1.0617575902937553,-0.8052710932282072,-18.71648555136335
0.30403162937932,0.9936545013827142,-1.6494412845728816,0.7702976516426433,29.3625401115051
1.2998551056283874,2.474130546776708,-0.560047554312266,-0.20287338013071055,125.46486881562542
-0.2431775022692626,-0.48598886805152125,2.1763888294853384,0.39035396853803284,-21.79013779631523
0.4062756417867362,-0.7937357207640258,1.5435875029597148,0.2795349324187087,48.53280165363174
0.4913096015429803,0.32088710759350114,-0.7402145446144741,-1.0270990581390265,36.95890733694326
0.9320357022116242,-0.24692703723703022,1.9944121153576808,-1.585778412812189,70.38051476356989
-0.014732456924047177,1.0364283747940857,0.5602411723928128,0.7006900429695034,-5.039186460853099
1.862739711265969,1.0561182087182777,0.5967661266036928,-0.5002019829180154,156.02038028495986
0.9266718485864238,-0.17357063645366308,-1.2385780638596606,-0.2337759623952787,84.91764441893761
-0.35569175095324757,-0.6153564489097811,0.3974689156426001,-0.9179843873352284,-27.350678673210876
0.4767686815220567,-0.8031965056990497,-1.4850832842631896,1.6178216150155253,44.837594362219825
-0.7449272745980041,0.5840628247156825,-0.1202676476224599,0.688272903140294,-67.22665226624666
-0.4194216670651202,1.4220564957908313,0.19215507157066103,0.6086888927065673,-23.433663614381985
-1.0464403915823381,-0.11413574318222959,-0.11120025209344317,-0.057101626780341364,-107.85455943796576
1.0468414555480001,-1.4305842263855584,0.06933773855825098,-2.8975393240151277,121.89959488065585
0.2834834593971984,1.0474077288345345,0.08880764808154025,1.9046653624358205,22.341839341204516
-0.011062925728800922,0.4692739708216629,-0.14015189459972385,0.07076365124731201,-0.5195932623148447
0.40498648392059333,0.5536829664596575,0.006705905615241925,-1.850443076567595,18.276479235659767
0.4449905863831075,-1.9129758504402892,0.2585617493744378,0.8603077815629009,30.674935145475065
2.549741137018303,2.243068720279048,0.007029685652755494,-1.2955956925191614,229.7904764813022
-0.4996356822353036,-1.1296900897685016,-0.14862570012082166,-0.18578063579632678,-46.74488272130114
1.7677960115068694,0.9368802735117793,1.2310020521167289,-0.058669788457154586,168.06817264401474
-0.8148922439814665,-0.15735332019806084,0.5878217345374739,-0.6939232761133988,-64.945671328982
-0.4332287813686298,0.2458942353543632,-1.470586078272554,-2.0065386083679115,-37.506162083692914
0.10320411153765512,-0.44992478465469893,0.006315279390661033,0.5252386614688896,10.063788518998491
-0.2619329770663305,0.437683667954531,0.6432280167750204,1.0598559383286283,-26.898655020695813
0.1873993893607674,-0.08139445804060845,0.7436927745971825,0.565670426951587,-1.2175451196335736
1.2665330915345665,0.7549955274715501,-0.5110840386999316,-0.7320520789811364,105.0795812736006
1.3540397383803764,-0.5504487063787807,0.5853863803773675,1.7467610757036738,143.50156134559293
-0.4201611495427243,0.4698349685899576,0.4018568929463825,0.06646579187708611,-42.016814848175336
-1.2440320758493484,0.033601586468820915,-2.181928958755146,-1.409202867968943,-99.06133745638705
0.7615972782808784,-2.3854489671870875,1.3933829281519319,-0.8740877137545224,53.329864588736974
1.1932021004341373,-0.7370442663768128,0.9109391108158458,-0.45011086414431684,111.58684830334195
-1.0636842396397344,-0.7150357888481945,-0.65988378121266,0.34869071222354103,-103.35542233108741
-1.9189557990587032,-0.6504936818076621,-0.0359777751929594,-0.6201437763009027,-173.90919668896706
0.3787681265376589,0.43201911444488417,-0.007404408082946613,-1.4882318893491435,38.157291783522155
-1.065917379334488,-0.6678617701929149,0.10565287600194707,1.4528534149452994,-94.67938758598486
0.7424977261225755,1.231433324661987,1.0726825057976639,-0.6734242881977787,86.66936789725119
0.9207805247058908,2.0604403338771236,-0.7142010964113228,0.5615872173871982,95.29111278272123
0.07394468389547885,-0.31094437266963243,-1.8447282186713174,-0.33193458512774865,7.817553997241779
-0.24271596750408084,0.5579807553078943,-0.6567706488904828,0.5317047687694685,-29.18524448140454
0.06177840776856698,0.42287931623242037,0.367612199976421,-0.9583508261097229,-8.454337212808587
-0.08344286805609674,-0.34954181368062776,-0.8463219412594342,-0.13631961757789982,-11.121912559270736
-0.5872650595376412,1.2494347068684426,0.04075301902550669,-0.315038688435407,-70.5693476350753
1.6351196616346297,-0.8395780188524626,-0.81102298932742,0.8346556984590465,153.92184870844758
0.631169431476555,0.13516415573622248,1.6648602154385097,-1.7712061642281822,43.42064172366541
-0.4987671909648274,0.22507556243373403,-0.8628090870118575,0.7360132642916546,-45.91605273128277
-0.5040232587296863,0.4174457822464675,-0.8398654047301232,0.838692913765907,-46.900246133142936
0.6849395538003505,-0.48780069437592066,-1.1965407178905618,0.7042324274816444,46.62013915175514
0.42744802150871825,-0.17372787080726904,-0.03485439838421566,0.37907908421452385,31.47176514256502
-2.599713110708113,-0.09420109412545544,-0.9909840204807581,0.26401115398350183,-238.11976706366966
-0.4475198111657172,-2.073264672051286,-1.1434580016911997,1.3246613660173168,-46.68381767384545
-1.9158429946425688,-0.4580794763354649,0.2620802081499822,-0.4324243681215965,-184.09044063028364
-0.18138914380701496,-0.37546753374905445,-0.5332898126662512,-0.19697291711640422,-33.55473253675112
0.4455693977057733,-0.3587751152252644,0.9418080910965732,-0.11778352350700678,42.037671889171925
-0.8390731005350328,0.5733209877866018,0.874579360407839,0.671257928225477,-65.52318347248213
-1.8900651734303382,-0.04226073940998474,1.3720889121015793,-0.32805988971469846,-167.33691779855113
-0.9374951272455199,1.196315334949357,1.4265956558416124,0.6842067801680745,-106.9169602433442
1.2554840983352669,0.3408240802919085,-0.5739019120697679,-0.4468087440154386,106.46206694015007
-0.8763974472443573,-2.233882120936814,0.17632827085426167,1.2457797462939162,-85.28489221532718
0.7258572643792347,0.5457431634149325,-0.4556709477264463,-0.7127351279474284,60.3487775693721
0.4609617349451222,-0.5118500901081284,0.5622980636006895,-1.231768837229836,39.5143258958239
-0.5082088689979084,0.3894280299144039,0.8429915722896572,-0.7714222961665427,-46.769551628062196
1.0363470571906983,-1.3708658330859989,0.8984709436240766,1.0450815742163095,85.99472569074892
0.46591105938595817,0.17731373400717662,0.1893238004432691,-0.9003228707354612,55.17406126506258
-0.005181586232659319,-0.5739084415832921,0.6363117081163154,-2.4068905670170633,-2.890329214324818
-0.1850519681798029,1.4475174905539463,1.3732806315728197,-2.3443828913650893,-22.639607001160215
0.5472701860287676,1.2041118681698202,0.8808410216275561,0.388196065522714,56.48320961825879
-0.4574449171369869,-0.35814227081489974,0.900489966092044,1.3792855499306214,-35.87078539337351
0.6785113877841389,-0.6420676207849918,-0.9708725948938265,2.4153323857722935,58.03762357392062
2.635291647784318,-0.7167633503061246,-0.1694306358201042,-0.47250827438992005,226.78126572407655
-1.7583170721674382,2.361483789929329,-1.194611637726598,-0.4300157600285939,-178.11712569410074
-0.43987820720493986,-0.285668959381449,0.4640278549802323,1.2336461467728925,-33.831207477666844
-0.86223453813008,0.43595437809471704,1.1630161731755424,0.33864833814771367,-57.934070426655275
0.9670923761271214,1.0622472013046342,-1.1406714076032325,0.5802487114532818,76.73916820951317
1.3359087978386242,-1.0257769699816104,-0.052796610270932465,0.08751890380879492,123.58585791262679
1.08448203174552,0.17153761729313968,-0.7847177580820609,0.6029367929876763,70.0319657972252
1.4667582438957325,0.558817625290938,0.5317856821900825,-0.3672009455047721,135.32116679302916
-1.1504474989856635,-0.4145448629361221,-0.1583648566974602,0.5150654415229773,-110.82275338515473
-0.965076204318016,0.9816748172028015,-1.4271831937561077,0.2427527088056546,-87.392894399879
0.32970321969691746,0.4764091147188609,1.9200089265180935,0.1653063990090507,8.699869786564769
-0.42901796248557056,2.1028837771874636,0.16255710230078566,0.5221304560785602,-43.40923640389095
1.787649749501349,-0.44470459197151535,1.9558817995551394,-1.6360659759503804,156.5056908641945
1.2173588400449817,0.9531673732417982,-0.5386135969099478,-1.448338975006124,118.199706326495
1.8792299057552677,0.6650559299472297,-0.33615910780679825,-1.005708719619413,161.69632122187772
0.8315284189017845,-1.3174590593167943,-0.07205394058538822,-0.8911359911728671,73.33547636240347
-0.7704122084400233,-0.5214673416261382,1.116311410628713,1.2084997744697556,-69.61336058563006
-0.840216857806728,0.43593742420217485,0.7286556931228538,-1.7122675695126703,-68.45096421096495
-1.6372886095562302,1.114846571094562,0.6931531208086845,-0.10320603146252362,-143.84996078025958
-0.39782832676278773,-1.4353722374612154,0.9846535624555902,-0.6425608622095342,-49.18350104456708
-0.3686552375951914,0.3248063217967703,0.7948053943116165,-0.02600938544092785,-27.003622560802018
0.5250161696723437,-1.5142419062828913,0.04745304736784361,-1.4173827614116685,44.02223399319374
-0.3671620661163849,-0.8647581616658585,-1.1109531949107052,2.366948672923655,-28.867513047290693
0.3947847949487164,-0.7380633813079157,-1.1421498145493931,1.5081856816527577,35.82373715748815
0.053063634340689496,-1.7510034945682735,-0.1050998371991234,-0.13655483397319665,-5.618312589028076
0.23980062689270396,-0.07220157212273655,-0.6611936596216406,0.48613189994111716,16.265477213894155
0.720950412580938,-0.10726160873550014,-0.09999763253457719,-0.3309458777987597,67.56814123029305
-0.5432642853071098,0.8879888495900743,-2.5816156914808364,-0.8452886992247826,-38.50344896899861
-1.3645794855855549,1.1040076578457905,0.7250377111913515,-1.1974498974872865,-107.91057496480482
0.03287709580114468,0.0675622104476996,0.3816175563643109,0.6608743135463798,-5.3488988400079265
-0.09056556875191908,-2.0903896420934953,-0.5485144705960711,-2.026136331348178,-21.833426457581666
-0.7567301654792835,-0.207687293184475,1.3905984112980494,0.70762736172774,-74.23623030516372
-1.0747118046928772,0.9201392404801928,-2.0406830290732985,-0.8414589864962413,-103.6761921379583
1.4054479884138522,0.6549817578735689,-2.2894372190336263,-0.4407740171231464,120.1365255840803
-2.101958826807353,-2.2484850883701095,0.49922603525579545,0.10724468132285286,-178.3679419723878
1.1518555250103686,-0.2399014393703145,0.4987111092603351,-0.18100611785350765,110.6957155677982
1.3143145443544617,2.061036603175398,0.329382033421866,1.9016841914555307,114.1382024832971
0.018673331786093438,2.2335357321458273,0.9733375484889887,-0.07491852981892266,19.606087156613512
-0.5973194025884028,-0.34984070553023533,0.8205619784381877,-1.5319656800825117,-64.36358247017938
0.8976781434421335,-0.039035185653650606,0.47648589825294846,-0.09918828037363633,85.66103766577403
0.42188359063305064,0.39529889656317485,-0.7679139958741006,1.4679785285009002,48.60066737053661
-0.001005014857238076,0.3712594729967111,-0.5592349360219122,1.4590301974426336,-4.756066378865103
1.9718775297087079,1.1966522782777442,-0.6722904787097139,-0.7206360192861264,176.40966532792797
1.0449894762822933,1.3789487423600868,0.5976234915738774,-0.6918929751223634,76.57243145195734
-2.041882037441344,-0.27030229576969067,0.11837373851612627,-0.6866848928156978,-172.31221192243166
-0.8021808604380901,0.20303651866453487,0.25474546751633254,-0.3415210438648448,-53.68723086107536
-0.08910969456637216,-1.6249444729970646,1.387042155602217,-1.3995415133324114,2.863082011174656
-0.5536061836936597,-2.477565446715074,-0.31053864815792276,0.3684706979220861,-26.971925161628697
-0.46744588421503785,0.07485532342343446,-1.0028565384427925,1.123939453594616,-24.5795591993975
0.1758565416152435,0.29525950451716776,1.0420563247315004,-0.8473243246242561,6.9717990361158435
-0.27924807697656595,-1.1038689601337126,0.4178516705965168,1.2129717745455948,-7.598696807411908
-1.6009519109948793,0.08010006048158975,-0.3457321111909297,1.526260656424705,-149.25002329427554
2.1758885919635462,-0.465626219008371,-0.601600676478125,-0.8363192719941743,211.25248320206848
-1.3401937772429295,-0.13810873203256066,0.05753771397516254,-0.6063541858406178,-120.03444893342773
-0.7986041582721088,2.393020726115059,-0.12155194397029964,-0.6241959725824833,-72.69873133539564
1.0995046849590777,-2.20538905467921,-0.0506822415234719,-0.014889499042839385,79.21934958767116
-0.2063802293043716,-0.5067531101481615,0.7996881018324941,-0.8859755457024576,-21.57932094926502
0.019103229089360314,0.4204438618461562,0.15892211893993366,0.7193814441337121,-10.931709259639726
-2.125114559202819,0.8379657727929828,0.800830718919775,-0.5557660099845115,-197.38776220514947
0.2137032120730937,0.08103971204684848,0.16581989080560888,-0.6247681138730591,16.750247725557614
-0.5840931826634089,-0.5725945751352579,-0.14125515056510923,0.888900301559293,-60.06894148310516
0.06689713865779558,-0.08341687063036643,0.3079131549114433,0.7277584895261832,-0.22836389202214225
0.004907515523348879,-1.7625880810135492,0.4280768620698965,-1.528799177591644,14.218146775140413
-0.3694317998903409,-0.26679641012015304,0.5655591028393201,1.499479014245638,-29.020186333310566
-0.8126451101235705,-0.5492972140139483,1.4119422166344309,-0.2802408092458903,-75.6521092740997
-0.3958240961397596,-1.3313467243080184,0.20283457765283805,0.09232913318843008,-30.19519530386057
0.7753343109732466,-0.4994355410210934,-0.3434014958281891,0.16504750634086326,64.5386492494565
-1.372538669459777,-0.9215382801001933,0.07790680407252873,0.8649647570202409,-127.81519076501088
0.5994025328680959,-0.4800922369657243,-0.430318732543873,1.4749205843421402,36.94874024338913
-0.11656336372398353,-0.977222802224546,0.7587349296037039,0.5358645840698426,-0.18472587011473784
0.23145875520681972,-0.5350738243478755,-0.7094853618845087,-0.08398304577937477,20.006331359692687
-0.07832251045956569,-1.0801605505006238,0.3575522030695263,1.9706590598689455,0.590244159047443
-2.553632226895502,0.6661349320767153,0.847937622189214,-0.37757162924079585,-232.61399440020196
-1.5427750927952057,1.3970707974448169,-1.2309872077084116,-1.2584338913818878,-152.08181820673067
1.017567811383765,-0.49396674458841044,-0.0011667461244703557,-0.2490701959170543,92.09324046995681
-1.9655631513681466,0.5368110399064234,0.4330123222381887,0.7619024246383812,-176.46758128689225
-0.12240127665669816,0.27440883035593994,0.015349969815065133,-1.875439246547929,-15.559752865418968
-0.79508019519836,1.5304483556419541,0.41878659778996724,0.2722683094371955,-58.01282881538791
-0.36989812177128595,0.6399128446970949,-0.8651927031031019,1.640362269504108,-39.68003219090447
-0.7018706237522769,-0.66412797883582,-0.3187426289228403,1.0648246796975622,-65.37928764797766
0.008822446337973815,-2.081524405570577,-0.5656296194244329,0.2793406662275593,-7.815165656138557
-1.7315968420963073,1.0992906805002007,-1.1145577986150275,-1.2136671570424382,-158.99848098201457
-0.043983808075833374,-1.63117164643551,1.7504470458852326,0.9467013522424466,2.0816789744532898
-0.06455207857828539,0.022567864725291657,1.035963106852295,-1.6992087837400582,5.589211494500304
-0.060121190325473785,-0.660469507763415,-0.7943411812462225,0.5759121091247545,8.86124718020099
0.7043216728013484,0.35712872211424646,0.21236221620490292,0.5156059136171011,72.98044592051718
0.1560785004775336,-0.846057746601615,0.02688577511738884,1.1376272046381404,33.4773841896116
0.5736796636797727,0.11011633963346355,-0.20382072286396158,-0.3348057322225768,66.57033683843193
-0.38108665405723885,-1.3279863502103295,0.7409809272104767,-0.2643054918708068,-20.367677124899373
2.209565286174005,-0.20009577859091696,1.5908600360748373,-0.3817893638831391,200.16886792777186
1.0624437698309335,1.9869823710963568,0.3584759452072659,-0.3491019679198241,96.23854239975802
-0.26185515611912075,0.581204739910642,0.45260720002522764,-0.6307594928331002,-32.10800114334871
-0.25527764607900205,-1.6808350167255346,-1.3494985237327684,-1.0109812988826126,-23.418318428658687
-0.05143504145560576,-0.08808292838843663,0.4953308183464075,-0.34417299474971635,-6.587234096190171
-0.11947394133681204,0.03913661763141144,0.833684758708075,0.7582141650984561,-4.329249303741234
0.3378267887559749,-0.46836354519457507,0.1408452260928014,0.5642561340266343,16.4292026827057
-0.7329220861933176,1.3637112054125047,0.829594674084263,0.6736580526458986,-61.870389118984576
-0.23607134640476715,-1.1354606311631752,-0.09421821934851445,0.8455723416914039,-6.2101625572840256
0.2761139489001345,-0.766496136284421,-0.292034476897406,-1.3609105543385953,14.185970394871612
0.392276392058517,-0.6314676599027466,-0.28149463445251466,0.5617399263613265,53.1018300776275
-0.7808802373514193,1.2103543876584646,-0.5560020485768106,1.04030589372111,-89.6345385675449
-0.28268129530107766,1.8260978814658495,-0.3219031466112556,0.30603010680940773,-6.192912521307001
2.257920990212185,-0.7971945328633904,-1.1745852064044369,0.21937151309235114,200.50340682903175
0.9987056323393312,-0.3843994792449449,0.8827143657786715,1.3085954321264253,90.08036277203975
-0.2365205589492156,-0.16935631470330298,-0.18531597763220042,0.21984991968663878,-36.08785132119057
0.7991204777447083,0.08463019870168105,-1.1674207836193977,0.3049318584988275,78.73175980434891
-0.1258018417157111,0.9017750899748836,0.5311816945628296,-1.5036756454699611,-15.247579160276793
1.426472599468781,-0.35285819475453134,-0.16038115829833502,-0.26520299552719945,122.61468631968998
1.312778830639913,0.006062126225243203,-0.09209149755019687,0.42163176358331605,145.91858131619514
1.0826077399465188,-0.304736751103271,1.5745415130905842,-0.16789140242060543,89.16612121122384
1.0085467206322212,-0.31709049075180734,0.8707239620362777,0.2207055949479814,86.77968935013455
-0.19939520218027484,-1.5092628496791418,-0.5694041362269914,1.3295231311063294,-15.074580677348271
0.00462309394609428,-0.5912704300798372,-0.8648380454164811,0.38871592963772744,2.035308161494692
1.4466379702628906,1.8985159130446785,0.5063840346723294,0.013737252387540177,135.60343823240453
0.11086862575232082,-0.1040778042695154,0.9879498955689241,1.3734620414357186,14.114861074563246
1.8783541763581333,0.6466271065663542,0.8904319912864657,-0.8988241061402531,178.78595848948825
0.5396460266648934,-1.2891406273803523,0.12023150351372643,1.4163730275966413,64.21809002615345
0.9620533457670549,-0.7559600147027467,2.4188161795140095,-1.1521806527618248,92.95824323273891
0.3169416951332986,-0.18295622474117385,0.25526158348172406,1.5113534952324275,31.584017411942828
-0.8811937806983431,-0.32272329998052773,-0.7369338568409919,-0.7660809861233189,-95.79592990075847
1.8386974325313603,-0.16215607775951726,1.261424541044943,0.4093289836951117,150.88303453432076
-0.8108536025926064,0.21571189290147358,-0.6770085698143843,0.8710593513917031,-68.76759197401591
0.48391417878556375,0.2912614040534494,-1.8783698544371619,-0.6480687507636309,50.38880889303062
-0.47879091606235374,-0.9188017873766687,-0.22564562907973545,2.4195664013143547,-35.17168615744887
-0.7746559442853445,0.2770722048854216,-0.6341068261456466,0.04109411643995149,-72.01913966282018
1.892983950462529,-0.27811432747878717,-0.8006321011127834,-0.44880176129684923,184.75408678807145
-0.2884192049921787,-1.66172340225767,0.5122475760148246,0.05429322099562233,-35.526537010191156
0.36055788499238883,0.2559727580904554,-1.2208727449003438,0.7620582072778967,14.233133592742284
-0.26892808733915224,2.060954966632605,0.47054560485610875,-0.0366591263616335,-21.410826290563858
0.4978551003330794,-1.1425452160478116,-0.003391385235428221,-1.0640859922584562,43.298450240774415
0.9078758561060942,-0.126149184570695,0.17900880374394126,0.28803985493308953,78.39987719814991
-0.034454999015613344,-0.08886817280989327,0.1978838487743345,1.289124136407064,-13.181844771687926
0.47548283499540306,-0.6820862726402672,-1.1531302165780926,0.32068283442249373,32.587875807795925
-0.376580449637739,0.6926425712251041,0.8741421141201302,-0.5277326271108226,-32.676504206284605
-1.9011421666947277,-1.835898178394528,-0.48905377916009185,0.18236754070273023,-172.14071965987208
-0.61321289798719,1.1682166656040927,-0.214807856893075,0.7079579878775629,-45.34114776725759
-0.31197799188494324,-0.4528906812776058,-1.0506978460647631,1.7135706280449359,-10.600498958094306
0.013405103351642087,-0.14054137490091642,-1.366962276485583,0.10118860421150828,21.56152889602459
0.8386453282357706,0.5114033508988819,0.629726480344868,0.3238268505811222,103.76652383819054
-1.4196636250830914,0.299686316336275,-1.8456105582418854,-1.9788542253537076,-121.70526982782927
-0.1290545300969957,1.5213645311896502,-0.37081342339041784,-0.6677814932280404,-7.476531811428641
-0.16967744411676325,0.5854946641631814,-0.2769089650830916,-1.4575518217712433,-12.145822833589389
1.1069028592178614,-1.036024291420839,-0.008806314015745241,-1.5381464796245463,116.41845684360966
0.14552490407924806,0.21821754433906787,-0.5276342728220215,1.4948384416021903,27.004321723253334
0.9063488247543833,0.07980882408075282,-1.0498267588389267,-1.6921263046091135,95.64224967389278
0.7799121536358923,0.5499089445669332,0.7225347689177062,0.2676435472785808,65.47113862949939
-0.23994811312075204,0.4117733990803978,-0.392551190682315,-0.45786064544451904,-16.97584676970579
-0.5702555139280029,0.8744103302637863,0.6483922225531786,0.29601629460359946,-56.487233427146805
0.7462070781246969,-0.7973504162279862,0.5773066670961846,1.7915288198410064,57.841612294195485
-1.1045140196386631,0.7014694967922096,-1.4795394580417685,-0.3293476915578822,-103.92184606627757
0.8227342373344236,-1.3394020329785317,-0.7474612007743364,1.8646245536200077,71.6268479154747
2.378380527435097,1.345599253744942,-0.9760486576755747,0.4997824215502368,209.6308517026801
-0.5460458476704656,0.4318688993376033,0.9648739579221985,1.1276843673687997,-53.898038547792126
0.46215686381689336,-1.9136991015068612,0.2955653253519446,0.2492545777431019,43.08648709717056
-1.4087676567535037,0.7552883507693723,-0.08227852978458164,0.7258868939374903,-127.15414224624493
0.7303861982146741,-1.9650985963748893,2.6977840152358668,-0.5961511743330564,58.57211749243617
0.8082277427179716,-0.7135698013515213,0.37697066483200853,-0.2215262910618953,78.59952939595182
-1.2625514826575308,-0.6400013907490726,0.008729590967967995,0.7404010026348283,-110.58240437941421
0.667652695973752,-0.10353253078127778,-2.2047173555403146,-0.356581677393118,79.35712005837769
-0.4983942943513617,-0.9387015468434099,1.5345722288784522,1.6940594949770194,-57.67791770977678
1.7786179292318336,-0.5525363731222529,-0.19771613396425253,-1.902563058282164,163.175994483483
1.6544141380696675,1.0230077827702386,0.45353793913629553,1.1936339762886365,137.44810239863293
0.5973822544268736,-2.11311636643838,-0.05518883286159986,-0.7028263985463844,47.62462079287414
0.7642112251850337,-0.8783728862885911,-1.525103404821949,0.21015651245664047,70.7507660920842
-1.9593340410377038,0.4709584856020755,0.022681280006742726,-2.9184846027513696,-169.91941750955405
0.8920272644420788,1.2817530662739964,1.2101316564589777,-0.03844965710923429,74.42668363560799
0.1839478283716815,-0.5123293727060789,-0.6943807058609183,0.46976869255874126,17.07686792258228
0.15137866165570021,-1.4008862111093912,-0.4398578458742786,0.4121791010148583,9.669670359414376
0.9402123226837366,0.6098722835994429,0.6829343869641227,0.3111378119378894,76.34641923001581
-1.0040776107999358,-0.4782233520804537,2.4193548946019567,-2.1510040367725405,-88.11799588558905
-0.3646461342278634,0.08719556723004963,0.2586552259292309,0.18137173837822837,-38.54648743190167
0.06004882442392721,0.46333517367545535,-0.36473848914926904,-0.09258254631168444,5.417243960148522
2.158965799819437,-0.6200643987039594,0.1717186683039386,-1.3605872394684546,185.41854369426784
-1.0346164095390056,-0.7328258526025123,-1.0097675627723586,0.6186754485045278,-91.1750700526689
1.1038760989803138,0.5363018660950566,0.45734315362567607,0.5040765864181609,101.93486355301744
0.05018345219828682,0.05586232429362602,0.296308614866939,-0.8686253941179285,6.0985931769510895
-0.3577106599029422,-0.17386595096634866,-0.0322724099117249,1.5175630387551298,-61.63876826964722
1.0712484936360875,0.527002823990675,-1.2701391137076596,-1.0371399270471853,116.1190840984147
1.3074717125344328,0.2532845733120737,0.04546589735973458,-0.048765735324979936,114.32985834965463
-0.3633591468093181,0.8664455399384712,0.678297515466425,1.9511741337905348,-35.55584581152988
