,null_deg,sixty_deg,ninety_deg,straight_angle,twofourty_deg,labels
0,0.48876917836280503,0.396884141953847,0.41241017678426756,0.3012111291429298,0.4537799745019909,R
1,0.5277961057221133,0.8601788797247447,0.7060764119731456,0.5798165199759271,0.6683190543916508,M
2,0.8857442642489182,0.9065840240175604,0.7596232817170828,0.6926882438126302,0.5396129421397453,M
3,0.18307548544242994,0.2440269399884273,0.5231947804852072,0.243559131012277,0.031802179746994653,R
4,0.4723173512509883,0.4893431144714345,0.4534499963225698,0.30318841710668976,0.20599569449111935,R
5,0.43372453731321503,0.22230564690696453,0.04448468109294477,0.3005264574081766,0.43617153440167705,R
6,0.5351363808822072,0.9485739228693189,0.8422989312596454,0.8415682806630239,0.9015196188509154,M
7,0.4797217967075342,0.8501869025797528,0.43256132715793405,0.7568882170994016,0.731257329503236,M
8,0.5688740432412646,0.22330679939109124,0.3417859325529822,0.3869243263576072,0.4784322398457394,R
9,0.029071897519771232,0.44774872469095933,0.0710822947516067,0.04943274568251162,0.38835948297772477,R
10,0.7510714123270531,0.5202477359711903,0.43278793665679394,0.8520034465893069,0.9515024875412723,M
11,0.15962352827911117,0.4614189788886407,0.12403560565846138,0.20401882660110074,0.4293931176285997,R
12,0.3285648575403628,0.24860881282383518,0.5633791664968102,0.2622852028891319,0.07035722423605652,R
13,0.9709843700596601,0.9142361160028012,0.7565996354603821,0.7223668971372406,0.4180346794297583,M
14,0.42608814663344663,0.33816274568660154,0.05125805586995714,0.5015140575103277,0.16128182708922845,R
15,0.5780147501272115,0.5645297093300432,0.6598605769578942,0.7267168492976026,0.9513416779557591,M
16,0.44603202646401807,0.7444437496051166,0.8159215229736388,0.6523686311840511,0.7790823136337128,M
17,0.7410227078206442,0.4957456625470419,0.7254581189840245,0.49336736195224695,0.9859964790632934,M
18,0.6064083729933538,0.964267098865139,0.49844558605690203,0.9675740282706944,0.4763747676755348,M
19,0.8443989150248952,0.6106258238483981,0.5233334195057416,0.4253442069987519,0.7234354661556284,M
20,0.2747936426701443,0.313213705689858,0.20001963902251682,0.17300942140164846,0.3927550794743705,R
21,0.049216583950179346,0.06852055805155013,0.18742477002081398,0.4023319164292907,0.2955149498513222,R
22,0.8227995428666056,0.7328124201853035,0.9922980000156758,0.9444771341365075,0.49436070934851756,M
23,0.9830483826759855,0.5336753596661606,0.9658549293531031,0.6550103502440381,0.7915290537911837,M
24,0.3003381515777383,0.2983396922333326,0.39072573400378297,0.05242992642615025,0.35675371464970473,R
25,0.5087711718063723,0.05749981784052655,0.3012464492915382,0.20495487534827947,0.2452169982304558,R
26,0.34818918824602774,0.3921023961934973,0.2626746607556714,0.5111145716055343,0.5074431612582272,R
27,0.5046553296889591,0.7314320975495715,0.8376450229941789,0.43248744206011813,0.7686427456812603,M
28,0.7388369205398233,0.6940476664082496,0.787122350215957,0.8156071214125449,0.9456676516915141,M
29,0.5411671832508009,0.6411475657720186,0.7978275415747769,0.8382605194064773,0.8510384252930123,M
30,0.6322689404224366,0.5946176356679472,0.9150819132290697,0.46532391340497364,0.4453124789020065,M
31,0.5568757613164314,0.07889328865302267,0.1280402271868803,0.5737330910415372,0.30215772765997745,R
32,0.004020581961216982,0.09188425128864951,0.13905204112689026,0.22091044146124683,0.237538956830928,R
33,0.26336933264769086,0.4677494378760046,0.36060043139899245,0.2120808584786945,0.3273594382444886,R
34,0.6780954216356267,0.5573309979729026,0.9491387689680655,0.480244456400318,0.4909925033032033,M
35,0.5477727309933947,0.41782328836190896,0.6253279778394836,0.8330631514540727,0.8487629878014844,M
36,0.050069391872066354,0.31746397970092927,0.06054112189092888,0.06476687347666486,0.5239176706429227,R
37,0.6247847593102434,0.5329108399056236,0.5222116709821696,0.992768524382315,0.48776776786042203,M
38,0.050885106187908376,0.3464876454713902,0.3508732160784743,0.06642498216888076,0.37757452714225775,R
39,0.3403225461437145,0.2653599569575211,0.35186929403127803,0.26055443025180774,0.27289164242878566,R
40,0.49320718695330484,0.469280015277863,0.6089495584755678,0.42085522395916714,0.9732150239950912,M
41,0.1299449151172745,0.3460802971263019,0.016023589314342612,0.238482252365782,0.21960953144039122,R
42,0.2818768871232079,0.4195268227079365,0.14515665338648484,0.050841480268157366,0.07713820499869749,R
43,0.3603870541410201,0.5185770420415419,0.5685923692991218,0.5559549474469605,0.30083944873869617,R
44,0.20133674609235375,0.28997609574945543,0.3914802688092655,0.3071561514980731,0.020443576063769047,R
45,0.6734642937959257,0.5859801781646118,0.624776944462585,0.5929168508812279,0.8178793306715391,M
46,0.799847009887043,0.7068195990426562,0.6468857153589637,0.41447740102242,0.8594916009155651,M
47,0.7529744855689583,0.7724983051099863,0.4200579887134286,0.5606790270967228,0.79706250632139,M
48,0.8475345197979345,0.8106335096937917,0.5937258006452527,0.7713667955395456,0.6795383015032413,M
49,0.31010915445677867,0.47904729145013564,0.03690393404694619,0.3900611200802225,0.4992998936020199,R
50,0.003913668416928773,0.11280258249776406,0.163049362201462,0.1398503771293433,0.45831198207681595,R
51,0.28996316154005025,0.18595773035270205,0.42705038669883455,0.1088247834180674,0.1664605004926703,R
52,0.9264615737317836,0.9969144312567375,0.874221850861008,0.7356712186891251,0.6422408425760677,M
53,0.2333502670904847,0.536353344960727,0.3001884352668489,0.15436941732064022,0.1775776102076477,R
54,0.5615008620640847,0.8586970347907488,0.45528395935962357,0.9438211169189217,0.9341156332480989,M
55,0.9133282543833312,0.8322821864720503,0.8663736275810365,0.5992828826193937,0.8490224977327785,M
56,0.683265889724118,0.9961192383788435,0.9279170265660364,0.8840612511949046,0.6783230853982976,M
